32
0 1204 1267 1584 1586 2014 1372 1613 1065 1597 1964 1717 1036 1297 1339 1194 1829 1946 1564 1801 1800 1721 1694 1483 1839 1341 1937 2015 1394 1516 1098 1941 
1204 0 1158 1266 1228 1898 2026 1765 1196 1231 1170 1877 1494 1570 1537 1095 1641 1903 1247 2008 1153 1293 1955 1541 1572 1780 1089 1260 1126 1804 1460 2045 
1267 1158 0 1164 2022 1216 1561 2032 1981 1250 1879 2012 1949 1189 2011 1214 1391 1206 1695 1756 1708 1743 1696 1450 1697 1044 1892 1623 2033 1345 1342 1932 
1584 1266 1164 0 1577 1730 1388 1205 1826 1178 1607 1828 2042 1976 1596 1507 1257 1763 1378 1720 1665 1881 1303 2044 1873 1630 1220 1389 1081 1130 1305 1789 
1586 1228 2022 1577 0 1251 1027 1186 1177 1661 1650 1291 1259 1885 1187 1817 1988 1447 1331 1749 1517 1917 1210 1987 2021 1822 1332 1659 1328 1719 1029 1580 
2014 1898 1216 1730 1251 0 1583 1602 1049 1156 1924 1889 1841 1298 1709 1550 1066 1512 1776 1740 1702 1357 1048 1060 1055 1520 1425 1658 1953 1294 1315 1674 
1372 2026 1561 1388 1027 1583 0 2023 1381 1648 1123 1809 1144 1714 1222 1287 1117 1265 1895 1916 1565 1224 1915 1363 1410 1712 1779 1957 1723 1726 1423 1625 
1613 1765 2032 1205 1186 1602 2023 0 1995 1513 1870 1701 1188 1486 1279 1788 1142 1053 1526 1195 1523 1411 1480 1786 1076 1215 1112 1846 1093 1334 1451 1970 
1065 1196 1981 1826 1177 1049 1381 1995 0 2035 1627 1179 1598 1496 1984 1311 1728 1185 1851 1236 1774 1449 1878 1843 1818 1052 1904 2006 1274 1935 1961 1636 
1597 1231 1250 1178 1661 1156 1648 1513 2035 0 1203 1919 1296 1371 1547 1733 1495 1842 1458 1600 1149 1253 1285 1836 1940 1283 1745 1718 1497 1499 1445 2025 
1964 1170 1879 1607 1650 1924 1123 1870 1627 1203 0 1509 1628 1713 1771 1845 1453 1936 1582 1675 1087 1413 1479 1264 1943 1386 1863 1444 1351 1276 1145 1307 
1717 1877 2012 1828 1291 1889 1809 1701 1179 1919 1509 0 1795 1190 1959 1747 1772 1834 1558 1269 1918 1667 1200 1544 1750 1037 1929 1784 1958 1238 1085 1891 
1036 1494 1949 2042 1259 1841 1144 1188 1598 1296 1628 1795 0 1510 1770 1139 1934 1552 1030 1217 1811 1056 1615 1567 2003 1994 1634 1920 1086 1681 2024 1403 
1297 1570 1189 1976 1885 1298 1714 1486 1496 1371 1713 1190 1510 0 1793 1173 1414 1038 1560 1300 1105 1725 1159 1692 1102 1399 1989 1727 1088 1942 1039 1992 
1339 1537 2011 1596 1187 1709 1222 1279 1984 1547 1771 1959 1770 1793 0 1887 1952 1258 1913 1911 1605 1408 1478 1761 1908 2043 1116 1827 1397 1912 1806 1616 
1194 1095 1214 1507 1817 1550 1287 1788 1311 1733 1845 1747 1139 1173 1887 0 1128 1657 1746 1047 1211 1549 1377 1100 1482 1698 1617 1119 1760 1273 1502 1832 
1829 1641 1391 1257 1988 1066 1117 1142 1728 1495 1453 1772 1934 1414 1952 1128 0 1459 2030 1993 1416 1365 1543 1436 1711 1643 1151 1848 1524 1710 1033 1028 
1946 1903 1206 1763 1447 1512 1265 1053 1185 1842 1936 1834 1552 1038 1258 1657 1459 0 1424 1167 1722 1472 2017 1609 1611 1735 1938 1136 1180 1166 1350 1960 
1564 1247 1695 1378 1331 1776 1895 1526 1851 1458 1582 1558 1030 1560 1913 1746 2030 1424 0 1199 1301 1656 1566 1644 1837 1587 1706 1150 1783 1794 1254 1349 
1801 2008 1756 1720 1749 1740 1916 1195 1236 1600 1675 1269 1217 1300 1911 1047 1993 1167 1199 0 1316 1865 2018 1868 1963 1769 1032 1218 1289 1193 1364 1041 
1800 1153 1708 1665 1517 1702 1565 1523 1774 1149 1087 1918 1811 1105 1605 1211 1416 1722 1301 1316 0 1347 1026 1474 1807 1360 1876 1753 1208 2029 1330 1452 
1721 1293 1743 1881 1917 1357 1224 1411 1449 1253 1413 1667 1056 1725 1408 1549 1365 1472 1656 1865 1347 0 1074 1243 1261 1563 1369 1174 1308 1844 1767 1443 
1694 1955 1696 1303 1210 1048 1915 1480 1878 1285 1479 1200 1615 1159 1478 1377 1543 2017 1566 2018 1026 1074 0 1336 1592 1875 1654 1255 1813 1031 1991 1532 
1483 1541 1450 2044 1987 1060 1363 1786 1843 1836 1264 1544 1567 1692 1761 1100 1436 1609 1644 1868 1474 1243 1336 0 1853 1744 1405 1118 1108 1652 1353 1716 
1839 1572 1697 1873 2021 1055 1410 1076 1818 1940 1943 1750 2003 1102 1908 1482 1711 1611 1837 1963 1807 1261 1592 1853 0 1470 1335 1810 1835 1070 1782 1160 
1341 1780 1044 1630 1822 1520 1712 1215 1052 1283 1386 1037 1994 1399 2043 1698 1643 1735 1587 1769 1360 1563 1875 1744 1470 0 1874 1759 1146 1579 2037 1909 
1937 1089 1892 1220 1332 1425 1779 1112 1904 1745 1863 1929 1634 1989 1116 1617 1151 1938 1706 1032 1876 1369 1654 1405 1335 1874 0 1588 1624 1175 1223 1672 
2015 1260 1623 1389 1659 1658 1957 1846 2006 1718 1444 1784 1920 1727 1827 1119 1848 1136 1150 1218 1753 1174 1255 1118 1810 1759 1588 0 1997 1840 2036 1781 
1394 1126 2033 1081 1328 1953 1723 1093 1274 1497 1351 1958 1086 1088 1397 1760 1524 1180 1783 1289 1208 1308 1813 1108 1835 1146 1624 1997 0 1114 1635 1431 
1516 1804 1345 1130 1719 1294 1726 1334 1935 1499 1276 1238 1681 1942 1912 1273 1710 1166 1794 1193 2029 1844 1031 1652 1070 1579 1175 1840 1114 0 1232 1104 
1098 1460 1342 1305 1029 1315 1423 1451 1961 1445 1145 1085 2024 1039 1806 1502 1033 1350 1254 1364 1330 1767 1991 1353 1782 2037 1223 2036 1635 1232 0 1278 
1941 2045 1932 1789 1580 1674 1625 1970 1636 2025 1307 1891 1403 1992 1616 1832 1028 1960 1349 1041 1452 1443 1532 1716 1160 1909 1672 1781 1431 1104 1278 0 
