20
0 722 457 608 628 474 650 755 520 649 708 631 656 583 781 539 730 676 580 492 
722 0 749 717 616 526 568 740 735 430 787 800 448 460 641 657 635 572 791 527 
457 749 0 497 586 486 671 503 757 675 564 699 688 766 796 769 741 618 439 582 
608 717 497 0 596 709 737 765 655 495 555 623 745 574 550 626 484 544 512 418 
628 616 586 596 0 552 515 705 597 775 468 653 560 606 559 501 477 591 666 764 
474 526 486 709 552 0 485 429 454 455 449 479 404 504 598 731 493 660 498 620 
650 568 671 737 515 485 0 433 536 412 716 632 401 734 437 778 710 759 645 689 
755 740 503 765 705 429 433 0 542 673 599 617 540 760 507 417 701 714 729 508 
520 735 757 655 597 454 536 542 0 488 770 445 681 792 459 663 640 511 777 603 
649 430 675 495 775 455 412 673 488 0 700 713 510 517 587 463 581 440 475 578 
708 787 564 555 468 449 716 599 770 700 0 400 514 712 548 605 595 768 627 518 
631 800 699 623 653 479 632 617 445 713 400 0 636 697 647 481 744 464 584 753 
656 448 688 745 560 404 401 540 681 510 514 636 0 609 685 521 414 571 537 543 
583 460 766 574 606 504 734 760 792 517 712 697 609 0 447 431 794 579 692 669 
781 641 796 550 559 598 437 507 459 587 548 647 685 447 0 619 748 553 682 410 
539 657 769 626 501 731 778 417 663 463 605 481 521 431 619 0 554 658 491 424 
730 635 741 484 477 493 710 701 640 581 595 744 414 794 748 554 0 506 590 513 
676 572 618 544 591 660 759 714 511 440 768 464 571 579 553 658 506 0 604 672 
580 791 439 512 666 498 645 729 777 475 627 584 537 692 682 491 590 604 0 751 
492 527 582 418 764 620 689 508 603 578 518 753 543 669 410 424 513 672 751 0 
