20
0 6426 6721 1927 7925 4914 5300 4316 2704 1366 2542 8962 7235 6733 3663 2812 8337 8415 793 4371
6426 0 1181 5809 2385 1732 1346 2528 4960 5874 5220 3422 1695 1193 3931 4342 2797 2875 5989 3199
6721 1181 0 6104 2336 2027 1641 2823 5255 6169 5515 3373 1646 1144 4226 4637 2748 2826 6284 3494
1927 5809 6104 0 7308 4297 4683 3699 2087 1375 1925 8345 6618 6116 3046 2195 7720 7798 1490 3754
7925 2385 2336 7308 0 3231 2845 4027 6459 7373 6719 1937 1162 2174 5430 5841 1312 1390 7488 4698
4914 1732 2027 4297 3231 0 606 1016 3448 4362 3708 4268 2541 2039 2419 2830 3643 3721 4477 1687
5300 1346 1641 4683 2845 606 0 1402 3834 4748 4094 3882 2155 1653 2805 3216 3257 3335 4863 2073
4316 2528 2823 3699 4027 1016 1402 0 2850 3764 3110 5064 3337 2835 1821 2232 4439 4517 3879 1089
2704 4960 5255 2087 6459 3448 3834 2850 0 2152 1498 7496 5769 5267 2197 1346 6871 6949 2267 2905
1366 5874 6169 1375 7373 4362 4748 3764 2152 0 1990 8410 6683 6181 3111 2260 7785 7863 929 3819
2542 5220 5515 1925 6719 3708 4094 3110 1498 1990 0 7756 6029 5527 2457 1606 7131 7209 2105 3165
8962 3422 3373 8345 1937 4268 3882 5064 7496 8410 7756 0 2199 3211 6467 6878 2235 1097 8525 5735
7235 1695 1646 6618 1162 2541 2155 3337 5769 6683 6029 2199 0 1484 4740 5151 1574 1652 6798 4008
6733 1193 1144 6116 2174 2039 1653 2835 5267 6181 5527 3211 1484 0 4238 4649 2586 2664 6296 3506
3663 3931 4226 3046 5430 2419 2805 1821 2197 3111 2457 6467 4740 4238 0 1579 5842 5920 3226 1876
2812 4342 4637 2195 5841 2830 3216 2232 1346 2260 1606 6878 5151 4649 1579 0 6253 6331 2375 2287
8337 2797 2748 7720 1312 3643 3257 4439 6871 7785 7131 2235 1574 2586 5842 6253 0 1688 7900 5110
8415 2875 2826 7798 1390 3721 3335 4517 6949 7863 7209 1097 1652 2664 5920 6331 1688 0 7978 5188
793 5989 6284 1490 7488 4477 4863 3879 2267 929 2105 8525 6798 6296 3226 2375 7900 7978 0 3934
4371 3199 3494 3754 4698 1687 2073 1089 2905 3819 3165 5735 4008 3506 1876 2287 5110 5188 3934 0
